0x436690

55 8B EC 83 EC 34 C7 45 EC 45 23 01 00 C7 45 F0 00 00 00 00 C7 45 F4 30 01 00 00 C7 45 F8 80 00
00 00 C7 45 FC 70 01 00 00 8B 45 08 83 C0 54 8B 4D F0 89 08 8B 55 F4 89 50 04 8B 4D F8 89 48 08
8B 55 FC 89 50 0C 8B 45 08 90 83 78 78 00 90 75 41 68 80 00 00 00 6A 80 E8 63 8C FD FF 83 C4 08
8B 4D 08 89 41 10 90 68 00 02 00 00 68 00 01 00 00 E8 4A 8C FD FF 83 C4 08 8B 55 08 89 42 14 6A
02 6A 00 E8 38 8C FD FF 83 C4 08 8B 4D 08 89 41 68 90 8B 55 08 8B 42 08 8B 4D 08 03 41 10 8B 55
08 89 42 08 90 8B 45 08 8B 48 0C 8B 55 08 03 4A 14 8B 45 08 89 48 0C 90 8B 4D 08 8B 51 78 83 C2
01 8B 45 08 89 50 78 90 8B 4D 08 81 79 78 58 02 00 00 7E 06 8B 55 08 C6 02 00 90 90 90 90 90 90
90 90 90 90 90 90 90 90 90 90 90 90 90 90 90 90 90 90 90 90 90 90 90 90 90 90 90 90 90 90 90 90
90 90 90 90 90 90 90 90 90 90 90 90 90 90 90 90 90 90 90 90 90 90 90 90 90 90 90 90 90 90 90 90
90 90 90 90 90 90 90 90 90 90 90 90 90 90 90 90 90 90 90 90 90 90 90 90 90 90 90 90 90 90 90 90
90 90 90 8B E5 5D C3

0x46EA7C
4D