0x40F882
DA 43 
0x40F8C2
DA 
0x410644
18 36 
0x4106B4
E8 
0x413755
80 25 
0x41383D
8B 4D F8 51 0F BF 15 86 E5 49 00 0F BF 05 88 E5 49 00 0F AF D0 C1 E2 02 90 90 8B 0D 80 E4 49 00 03 CA 89 0D FC 4E 4A 00 90 B8 02 00 00 
0x4139CC
90 0F BF 05 86 E5 49 00 0F AF 45 0C 03 45 08 D1 E0 8B 15 FC 4E 4A 00 90 90 90 90 0F B6 0C 02 89 4D FC 8B 55 FC 8A 82 84 E4 49 00 8B E5 5D C3 
0x413A03
8B 45 08 0F BF 0D 86 E5 49 00 0F AF 4D 0C 03 C8 D1 E1 A1 FC 4E 4A 
0x413A1A
C6 04 08 00 5D C3 
0x413A48
03 45 08 D1 E0 8B 0D FC 4E 4A 00 90 90 90 90 90 90 90 88 14 01 5D C3 
0x413A64
90 90 90 90 90 90 90 90 90 90 90 90 90 90 90 90 90 0F BF 15 86 E5 49 00 0F AF 55 0C 03 55 08 D1 E2 90 90 90 90 90 90 90 90 8B 0D FC 4E 4A 00 90 90 90 90 90 90 90 90 
0x413B8E
0F BF 15 86 E5 49 00 0F BF 0D 88 E5 49 00 0F AF D1 8B 4D 10 0F AF D1 90 90 03 C2 D1 E0 89 45 DC 90 
0x413C63
B8 00 00 00 00 50 8B 45 0C 50 8B 
0x413C6F
08 50 E8 7A FE FF FF 8B E5 8B EC B8 01 00 00 00 50 8B 45 0C 50 8B 45 08 50 E8 63 FE FF FF 8B E5 5D C3 90 90 90 90 90 90 90 90 90 90 90 90 90 90 90 55 8B EC B8 02 00 00 00 50 8B 45 0C 50 8B 45 08 50 E8 3A FE 
0x413CB5
FF 8B E5 8B EC B8 03 00 00 00 50 8B 45 0C 50 8B 45 08 50 E8 23 FE FF FF 8B E5 5D C3 90 90 90 90 90 90 90 90 90 90 90 90 90 90 90 90 90 90 90 90 90 90 90 90 90 90 90 90 90 90 90 90 90 90 90 90 90 90 90 90 90 90 90 90 90 90 90 90 90 90 90 90 90 90 90 90 90 90 90 90 90 90 90 90 90 90 90 90 90 90 90 90 90 90 90 90 90 90 90 90 90 90 90 90 90 90 90 90 90 90 90 90 90 90 90 90 90 90 90 90 90 90 90 90 90 90 90 90 90 90 90 90 90 90 90 90 90 90 90 90 90 90 90 90 90 90 90 90 90 90 90 90 90 90 90 90 90 90 90 90 90 90 90 90 90 90 90 90 90 90 90 90 90 90 90 90 90 90 90 90 90 90 90 90 90 90 90 90 90 90 90 90 90 90 90 90 90 90 90 90 90 90 90 90 90 90 90 90 90 90 90 90 90 90 90 90 90 90 90 90 90 90 90 90 90 90 90 90 90 90 90 90 90 90 90 90 90 90 90 90 90 90 90 90 90 90 90 90 90 90 90 90 90 90 90 90 90 90 90 90 90 90 90 90 90 90 90 90 90 90 90 90 90 90 90 90 90 90 90 90 90 90 90 90 90 90 90 90 90 90 90 90 90 90 90 90 90 90 90 90 90 90 90 90 90 90 90 90 90 90 90 90 90 90 90 90 90 90 90 90 90 90 90 90 90 90 90 90 90 90 90 90 90 90 90 90 90 90 90 90 90 90 90 90 90 90 90 90 90 90 90 90 90 90 90 90 90 90 90 90 90 90 90 90 90 90 90 90 90 90 90 90 90 90 90 90 