This hack was POTENTIALLY made by zxin???
For unknown reasons, it is missing all addresses, so an experienced ASM hacker will need to fix it before it can be used

8B 7D 08 83 7F 04 03 7E 40 83 7F 04 25 74 0C 83
7F 04 26 74 06 83 7F 04 27 75 11 6A 01 6A 02 FF
77 14 FF 77 10 E8 13 7D 00 00 EB 09 6A 01 6A 1C
E8 B8 D6 01 00 8B 7D 08 6A 02 6A 02 FF 77 14 FF
77 10 E8 F6 7C 00 00 EB 1E 6A 00 6A 02 FF 77 14
FF 77 10 E8 E5 7C 00 00 90 90 90 90 90 90 90 90
90 90 90 90 90 90 90 C6 47 0C 00 C9 C3
	
90 90 90 90 90 90 90 90 90 90 90 90 90 90 90 90
90 90 90 90 90 90 90 90 90 90 90 90 90 90 90 90
90 90 90 90 90 90 90 90 90 90 90 90 90 90

74 40 90 90 90 90 90 90 90 90 90 90 EB 0A 90 90
90 90 90 90 90 90 90 90 EB 28 A1 98 BC 49 00 33
D2 B9 02 00 00 00 F7 F1 85 D2 74 0C 90 90 90 90
90 90 90 90 90 90 EB 0A 90 90 90 90 90 90 90 90
90 90

81 69 10 80 0A 00 00 90 90 90 90 90 90 90 90 90
90 90 EB 3A 81 69 14 80 0A 00 00 90 90 90 90 90
90 90 90 90 90 90 EB 26 81 41 10 80 0A 00 00 90
90 90 90 90 90 90 90 90 90 90 EB 12 81 41 14 80
0A 00 00 90 90 90 90 90 90 90 90 90 90 90

90 90 90 90 90 90 90 90 90 90 90 90 90 90 90 90
90 90 90 90 90 90 90 90 90 90 90 90 90 90 90 90
90 90 90 90 90 90 90 90 90 90 90 90 90 90 90 90
90 90 90 90 90 90 90 90 90 90 90 90 90 90 90 90
90 90 90 90 90 90 90 90 90 90 90 90 90 90 90 90
90 90 90 90 90 90 90 90 90 90 90 90 90 90 90 90
90 90 90 90 90 90 90 90 90 90 90 90 90 90 90 90
90 90 90 90 90 90 8B 7D 08 80 79 1C 01 7E 06 C6
41 1C 00 EB 03 FE 41 1C 90 90 90 90 90 90 90 90
90 90 90 90 90 90 90 90 90 90

8B 55 08 68 00 01 00 00 6A 00 8B 42 34 83 C0 03
50 FF 72 1C 6A 00 FF 72 14 FF 72 10 29 D2 B2 81
52 E8 B0 A8 06 00 83 C4 20 90 90 90 90 90 90 90
90 90 90 90 90 90 90 90 90 90 90 90 90 90 90 90
90 90 90 90 90 90 90 90 90 90 90 90 90 90 90 90
90 90 90 90 90 90 90 90 90 90 90 90 90 90 90 90
90 90 90 90 90 90 90 90 90 90 90

8B 7D 08 FF 77 14 6A 04 FF 77 0C FF 77 08 E8 8A
9F FC FF C6 07 00 C9 C3
		
00
		
00
		
00